image_width: 960
image_height: 720
camera_name: narrow_stereo
camera_matrix:
  rows: 3
  cols: 3
  data: [925.259979, 0.000000, 491.398274, 0.000000, 927.502076, 371.463298, 0.000000, 0.000000, 1.000000]
distortion_model: plumb_bob
distortion_coefficients:
  rows: 1
  cols: 5
  data: [-0.018452, 0.108834, 0.003492, 0.001679, 0.000000]
rectification_matrix:
  rows: 3
  cols: 3
  data: [1.000000, 0.000000, 0.000000, 0.000000, 1.000000, 0.000000, 0.000000, 0.000000, 1.000000]
projection_matrix:
  rows: 3
  cols: 4
  data: [936.725421, 0.000000, 492.369811, 0.000000, 0.000000, 937.870534, 373.399197, 0.000000, 0.000000, 0.000000, 1.000000, 0.000000]
