# oST version 5.0 parameters


[image]

width
960

height
720

[narrow_stereo]

camera matrix
925.259979 0.000000 491.398274
0.000000 927.502076 371.463298
0.000000 0.000000 1.000000

distortion
-0.018452 0.108834 0.003492 0.001679 0.000000

rectification
1.000000 0.000000 0.000000
0.000000 1.000000 0.000000
0.000000 0.000000 1.000000

projection
936.725421 0.000000 492.369811 0.000000
0.000000 937.870534 373.399197 0.000000
0.000000 0.000000 1.000000 0.000000

